67 0.58769 0.430954 0.139763 0.322243
67 0.86134 0.456977 0.171195 0.339384
67 0.720498 0.439856 0.130633 0.32009
67 0.455531 0.417789 0.125767 0.321573
67 0.325525 0.395641 0.135115 0.314207
67 0.18999 0.379145 0.143919 0.309584
67 0.647258 0.7709 0.134616 0.279588
67 0.0681605 0.412523 0.136321 0.330694
67 0.885215 0.145941 0.165 0.287538
67 0.354618 0.738976 0.14681 0.342717
67 0.214201 0.110614 0.160886 0.221228
67 0.203296 0.735404 0.166315 0.356928
67 0.0832127 0.127949 0.144632 0.253896
67 0.508316 0.749665 0.147007 0.324435
67 0.488652 0.130148 0.136421 0.257811
67 0.785567 0.763557 0.14796 0.29355
67 0.0673457 0.740468 0.13444 0.339804
67 0.95614 0.448182 0.0863506 0.333004
67 0.356518 0.121825 0.142612 0.242833
67 0.620614 0.140351 0.130537 0.275456
